{
 "cells": [
  {
   "cell_type": "code",
   "execution_count": 2,
   "metadata": {},
   "outputs": [],
   "source": [
    "import pandas as pd\n",
    "import sys\n",
    "sys.path.append('../py')\n",
    "import db\n",
    "import weighted\n",
    "import inspect\n",
    "import matplotlib.pyplot as plt\n",
    "plt.rcParams['font.sans-serif']=['SimHei'] #用来正常显示中文标签\n",
    "plt.rcParams['axes.unicode_minus']=False #用来正常显示负号\n",
    "%matplotlib inline\n",
    "from mpl_toolkits.basemap import Basemap\n",
    "import seaborn as sns\n",
    "import scipy.stats as stats\n",
    "import numpy as np\n",
    "import math"
   ]
  },
  {
   "cell_type": "code",
   "execution_count": 3,
   "metadata": {},
   "outputs": [],
   "source": [
    "cities = \"('北京','上海','深圳','杭州','广州','南京','成都','东莞','西安','武汉','天津','长沙','宁波','福州','大连','重庆','青岛','济南','合肥','长春','昆明','郑州','沈阳','哈尔滨')\""
   ]
  },
  {
   "cell_type": "code",
   "execution_count": 57,
   "metadata": {},
   "outputs": [],
   "source": [
    "conn=db.get_conn()\n",
    "data_4=pd.read_sql(sql=f\"select sum(monthly_salary * headcount)/sum(headcount) as April,max(city) as city from _201904 where monthly_salary>0 and monthly_salary<80000 and career='算法工程师' group by city,career\", con=conn)\n",
    "data_5=pd.read_sql(sql=f\"select sum(monthly_salary * headcount)/sum(headcount) as May,max(city) as city from _201905 where monthly_salary>0 and monthly_salary<80000 and city in {cities} and career='算法工程师' group by city,career\", con=conn)\n",
    "data_6=pd.read_sql(sql=f\"select sum(monthly_salary * headcount)/sum(headcount) as June,max(city) as city from _201906 where monthly_salary>0 and monthly_salary<80000 and city in {cities} and career='算法工程师' group by city,career\", con=conn)\n",
    "data_7=pd.read_sql(sql=f\"select sum(monthly_salary * headcount)/sum(headcount) as July,max(city) as city from _201907 where monthly_salary>0 and monthly_salary<80000 and city in {cities} and career='算法工程师' group by city,career\", con=conn)\n",
    "data_8=pd.read_sql(sql=f\"select sum(monthly_salary * headcount)/sum(headcount) as August,max(city) as city from _201908 where monthly_salary>0 and monthly_salary<80000 and city in {cities} and career='算法工程师' group by city,career\", con=conn)\n",
    "conn.close()"
   ]
  },
  {
   "cell_type": "code",
   "execution_count": 58,
   "metadata": {},
   "outputs": [],
   "source": [
    "translate_dict={}\n",
    "translate_dict['beijing']='北京'\n",
    "translate_dict['shanghai']='上海'\n",
    "translate_dict['shenzhen']='深圳'\n",
    "translate_dict['hangzhou']='杭州'\n",
    "translate_dict['guangzhou']='广州'\n",
    "translate_dict['nanjing']='南京'\n",
    "translate_dict['chengdu']='成都'\n",
    "translate_dict['dongguan']='东莞'\n",
    "translate_dict['xian']='西安'\n",
    "translate_dict['wuhan']='武汉'\n",
    "translate_dict['tianjin']='天津'\n",
    "translate_dict['changsha']='长沙'\n",
    "translate_dict['ningbo']='宁波'\n",
    "translate_dict['fuzhou']='福州'\n",
    "translate_dict['dalian']='大连'\n",
    "translate_dict['chongqing']='重庆'\n",
    "translate_dict['qingdao']='青岛'\n",
    "translate_dict['jinan']='济南'\n",
    "translate_dict['hefei']='合肥'\n",
    "translate_dict['changchun']='长春'\n",
    "translate_dict['kunming']='昆明'\n",
    "translate_dict['zhengzhou']='郑州'\n",
    "translate_dict['shenyang']='沈阳'\n",
    "translate_dict['harbin']='哈尔滨'"
   ]
  },
  {
   "cell_type": "code",
   "execution_count": 59,
   "metadata": {},
   "outputs": [],
   "source": [
    "data_4.city=data_4.city.map(translate_dict)"
   ]
  },
  {
   "cell_type": "code",
   "execution_count": 60,
   "metadata": {},
   "outputs": [],
   "source": [
    "data_4=data_4.set_index('city')\n",
    "data_5=data_5.set_index('city')\n",
    "data_6=data_6.set_index('city')\n",
    "data_7=data_7.set_index('city')\n",
    "data_8=data_8.set_index('city')"
   ]
  },
  {
   "cell_type": "code",
   "execution_count": 63,
   "metadata": {},
   "outputs": [],
   "source": [
    "new_data=data_4.join(data_5).join(data_6).join(data_7).join(data_8)"
   ]
  },
  {
   "cell_type": "code",
   "execution_count": 68,
   "metadata": {},
   "outputs": [],
   "source": [
    "new_data['change']=new_data.August-new_data.April"
   ]
  },
  {
   "cell_type": "code",
   "execution_count": 69,
   "metadata": {},
   "outputs": [
    {
     "data": {
      "text/html": [
       "<div>\n",
       "<style scoped>\n",
       "    .dataframe tbody tr th:only-of-type {\n",
       "        vertical-align: middle;\n",
       "    }\n",
       "\n",
       "    .dataframe tbody tr th {\n",
       "        vertical-align: top;\n",
       "    }\n",
       "\n",
       "    .dataframe thead th {\n",
       "        text-align: right;\n",
       "    }\n",
       "</style>\n",
       "<table border=\"1\" class=\"dataframe\">\n",
       "  <thead>\n",
       "    <tr style=\"text-align: right;\">\n",
       "      <th></th>\n",
       "      <th>April</th>\n",
       "      <th>May</th>\n",
       "      <th>June</th>\n",
       "      <th>July</th>\n",
       "      <th>August</th>\n",
       "      <th>change</th>\n",
       "    </tr>\n",
       "    <tr>\n",
       "      <th>city</th>\n",
       "      <th></th>\n",
       "      <th></th>\n",
       "      <th></th>\n",
       "      <th></th>\n",
       "      <th></th>\n",
       "      <th></th>\n",
       "    </tr>\n",
       "  </thead>\n",
       "  <tbody>\n",
       "    <tr>\n",
       "      <th>北京</th>\n",
       "      <td>26304</td>\n",
       "      <td>26438</td>\n",
       "      <td>24570</td>\n",
       "      <td>25514</td>\n",
       "      <td>26104</td>\n",
       "      <td>-200</td>\n",
       "    </tr>\n",
       "    <tr>\n",
       "      <th>上海</th>\n",
       "      <td>23039</td>\n",
       "      <td>22571</td>\n",
       "      <td>23056</td>\n",
       "      <td>23540</td>\n",
       "      <td>23213</td>\n",
       "      <td>174</td>\n",
       "    </tr>\n",
       "    <tr>\n",
       "      <th>深圳</th>\n",
       "      <td>21701</td>\n",
       "      <td>22034</td>\n",
       "      <td>22376</td>\n",
       "      <td>22292</td>\n",
       "      <td>21826</td>\n",
       "      <td>125</td>\n",
       "    </tr>\n",
       "    <tr>\n",
       "      <th>杭州</th>\n",
       "      <td>19010</td>\n",
       "      <td>19317</td>\n",
       "      <td>19358</td>\n",
       "      <td>19700</td>\n",
       "      <td>19786</td>\n",
       "      <td>776</td>\n",
       "    </tr>\n",
       "    <tr>\n",
       "      <th>广州</th>\n",
       "      <td>18103</td>\n",
       "      <td>18776</td>\n",
       "      <td>19197</td>\n",
       "      <td>19105</td>\n",
       "      <td>18934</td>\n",
       "      <td>831</td>\n",
       "    </tr>\n",
       "    <tr>\n",
       "      <th>南京</th>\n",
       "      <td>17964</td>\n",
       "      <td>18864</td>\n",
       "      <td>18640</td>\n",
       "      <td>18953</td>\n",
       "      <td>18205</td>\n",
       "      <td>241</td>\n",
       "    </tr>\n",
       "    <tr>\n",
       "      <th>宁波</th>\n",
       "      <td>15526</td>\n",
       "      <td>14596</td>\n",
       "      <td>17192</td>\n",
       "      <td>17498</td>\n",
       "      <td>16559</td>\n",
       "      <td>1033</td>\n",
       "    </tr>\n",
       "    <tr>\n",
       "      <th>成都</th>\n",
       "      <td>16411</td>\n",
       "      <td>16137</td>\n",
       "      <td>16437</td>\n",
       "      <td>15765</td>\n",
       "      <td>15410</td>\n",
       "      <td>-1001</td>\n",
       "    </tr>\n",
       "    <tr>\n",
       "      <th>合肥</th>\n",
       "      <td>13209</td>\n",
       "      <td>13429</td>\n",
       "      <td>14144</td>\n",
       "      <td>14910</td>\n",
       "      <td>15203</td>\n",
       "      <td>1994</td>\n",
       "    </tr>\n",
       "    <tr>\n",
       "      <th>武汉</th>\n",
       "      <td>15393</td>\n",
       "      <td>15359</td>\n",
       "      <td>15373</td>\n",
       "      <td>15259</td>\n",
       "      <td>14988</td>\n",
       "      <td>-405</td>\n",
       "    </tr>\n",
       "    <tr>\n",
       "      <th>长沙</th>\n",
       "      <td>14240</td>\n",
       "      <td>13575</td>\n",
       "      <td>13810</td>\n",
       "      <td>14076</td>\n",
       "      <td>14743</td>\n",
       "      <td>503</td>\n",
       "    </tr>\n",
       "    <tr>\n",
       "      <th>西安</th>\n",
       "      <td>14885</td>\n",
       "      <td>14528</td>\n",
       "      <td>14063</td>\n",
       "      <td>14362</td>\n",
       "      <td>14053</td>\n",
       "      <td>-832</td>\n",
       "    </tr>\n",
       "    <tr>\n",
       "      <th>东莞</th>\n",
       "      <td>14441</td>\n",
       "      <td>13188</td>\n",
       "      <td>14058</td>\n",
       "      <td>14458</td>\n",
       "      <td>13944</td>\n",
       "      <td>-497</td>\n",
       "    </tr>\n",
       "    <tr>\n",
       "      <th>济南</th>\n",
       "      <td>12633</td>\n",
       "      <td>12579</td>\n",
       "      <td>12417</td>\n",
       "      <td>12965</td>\n",
       "      <td>13569</td>\n",
       "      <td>936</td>\n",
       "    </tr>\n",
       "    <tr>\n",
       "      <th>大连</th>\n",
       "      <td>13533</td>\n",
       "      <td>11048</td>\n",
       "      <td>10976</td>\n",
       "      <td>12598</td>\n",
       "      <td>13305</td>\n",
       "      <td>-228</td>\n",
       "    </tr>\n",
       "    <tr>\n",
       "      <th>天津</th>\n",
       "      <td>14130</td>\n",
       "      <td>13985</td>\n",
       "      <td>13583</td>\n",
       "      <td>12485</td>\n",
       "      <td>12849</td>\n",
       "      <td>-1281</td>\n",
       "    </tr>\n",
       "    <tr>\n",
       "      <th>福州</th>\n",
       "      <td>13041</td>\n",
       "      <td>12059</td>\n",
       "      <td>12559</td>\n",
       "      <td>13047</td>\n",
       "      <td>12724</td>\n",
       "      <td>-317</td>\n",
       "    </tr>\n",
       "    <tr>\n",
       "      <th>重庆</th>\n",
       "      <td>14490</td>\n",
       "      <td>12687</td>\n",
       "      <td>12246</td>\n",
       "      <td>12232</td>\n",
       "      <td>12560</td>\n",
       "      <td>-1930</td>\n",
       "    </tr>\n",
       "    <tr>\n",
       "      <th>郑州</th>\n",
       "      <td>8367</td>\n",
       "      <td>8372</td>\n",
       "      <td>9753</td>\n",
       "      <td>11874</td>\n",
       "      <td>11174</td>\n",
       "      <td>2807</td>\n",
       "    </tr>\n",
       "    <tr>\n",
       "      <th>昆明</th>\n",
       "      <td>9490</td>\n",
       "      <td>10186</td>\n",
       "      <td>9831</td>\n",
       "      <td>8647</td>\n",
       "      <td>9903</td>\n",
       "      <td>413</td>\n",
       "    </tr>\n",
       "    <tr>\n",
       "      <th>青岛</th>\n",
       "      <td>11034</td>\n",
       "      <td>10614</td>\n",
       "      <td>10495</td>\n",
       "      <td>9604</td>\n",
       "      <td>9832</td>\n",
       "      <td>-1202</td>\n",
       "    </tr>\n",
       "    <tr>\n",
       "      <th>长春</th>\n",
       "      <td>14591</td>\n",
       "      <td>12254</td>\n",
       "      <td>10876</td>\n",
       "      <td>10981</td>\n",
       "      <td>9581</td>\n",
       "      <td>-5010</td>\n",
       "    </tr>\n",
       "    <tr>\n",
       "      <th>沈阳</th>\n",
       "      <td>10217</td>\n",
       "      <td>10175</td>\n",
       "      <td>10688</td>\n",
       "      <td>9684</td>\n",
       "      <td>9355</td>\n",
       "      <td>-862</td>\n",
       "    </tr>\n",
       "    <tr>\n",
       "      <th>哈尔滨</th>\n",
       "      <td>9044</td>\n",
       "      <td>8570</td>\n",
       "      <td>8661</td>\n",
       "      <td>8767</td>\n",
       "      <td>8369</td>\n",
       "      <td>-675</td>\n",
       "    </tr>\n",
       "  </tbody>\n",
       "</table>\n",
       "</div>"
      ],
      "text/plain": [
       "      April    May   June   July  August  change\n",
       "city                                            \n",
       "北京    26304  26438  24570  25514   26104    -200\n",
       "上海    23039  22571  23056  23540   23213     174\n",
       "深圳    21701  22034  22376  22292   21826     125\n",
       "杭州    19010  19317  19358  19700   19786     776\n",
       "广州    18103  18776  19197  19105   18934     831\n",
       "南京    17964  18864  18640  18953   18205     241\n",
       "宁波    15526  14596  17192  17498   16559    1033\n",
       "成都    16411  16137  16437  15765   15410   -1001\n",
       "合肥    13209  13429  14144  14910   15203    1994\n",
       "武汉    15393  15359  15373  15259   14988    -405\n",
       "长沙    14240  13575  13810  14076   14743     503\n",
       "西安    14885  14528  14063  14362   14053    -832\n",
       "东莞    14441  13188  14058  14458   13944    -497\n",
       "济南    12633  12579  12417  12965   13569     936\n",
       "大连    13533  11048  10976  12598   13305    -228\n",
       "天津    14130  13985  13583  12485   12849   -1281\n",
       "福州    13041  12059  12559  13047   12724    -317\n",
       "重庆    14490  12687  12246  12232   12560   -1930\n",
       "郑州     8367   8372   9753  11874   11174    2807\n",
       "昆明     9490  10186   9831   8647    9903     413\n",
       "青岛    11034  10614  10495   9604    9832   -1202\n",
       "长春    14591  12254  10876  10981    9581   -5010\n",
       "沈阳    10217  10175  10688   9684    9355    -862\n",
       "哈尔滨    9044   8570   8661   8767    8369    -675"
      ]
     },
     "execution_count": 69,
     "metadata": {},
     "output_type": "execute_result"
    }
   ],
   "source": [
    "new_data.sort_values(by='August', ascending=False)"
   ]
  },
  {
   "cell_type": "code",
   "execution_count": 71,
   "metadata": {},
   "outputs": [
    {
     "data": {
      "text/html": [
       "<div>\n",
       "<style scoped>\n",
       "    .dataframe tbody tr th:only-of-type {\n",
       "        vertical-align: middle;\n",
       "    }\n",
       "\n",
       "    .dataframe tbody tr th {\n",
       "        vertical-align: top;\n",
       "    }\n",
       "\n",
       "    .dataframe thead th {\n",
       "        text-align: right;\n",
       "    }\n",
       "</style>\n",
       "<table border=\"1\" class=\"dataframe\">\n",
       "  <thead>\n",
       "    <tr style=\"text-align: right;\">\n",
       "      <th></th>\n",
       "      <th>April</th>\n",
       "      <th>May</th>\n",
       "      <th>June</th>\n",
       "      <th>July</th>\n",
       "      <th>August</th>\n",
       "      <th>change</th>\n",
       "    </tr>\n",
       "    <tr>\n",
       "      <th>city</th>\n",
       "      <th></th>\n",
       "      <th></th>\n",
       "      <th></th>\n",
       "      <th></th>\n",
       "      <th></th>\n",
       "      <th></th>\n",
       "    </tr>\n",
       "  </thead>\n",
       "  <tbody>\n",
       "    <tr>\n",
       "      <th>郑州</th>\n",
       "      <td>8367</td>\n",
       "      <td>8372</td>\n",
       "      <td>9753</td>\n",
       "      <td>11874</td>\n",
       "      <td>11174</td>\n",
       "      <td>2807</td>\n",
       "    </tr>\n",
       "    <tr>\n",
       "      <th>合肥</th>\n",
       "      <td>13209</td>\n",
       "      <td>13429</td>\n",
       "      <td>14144</td>\n",
       "      <td>14910</td>\n",
       "      <td>15203</td>\n",
       "      <td>1994</td>\n",
       "    </tr>\n",
       "    <tr>\n",
       "      <th>宁波</th>\n",
       "      <td>15526</td>\n",
       "      <td>14596</td>\n",
       "      <td>17192</td>\n",
       "      <td>17498</td>\n",
       "      <td>16559</td>\n",
       "      <td>1033</td>\n",
       "    </tr>\n",
       "    <tr>\n",
       "      <th>济南</th>\n",
       "      <td>12633</td>\n",
       "      <td>12579</td>\n",
       "      <td>12417</td>\n",
       "      <td>12965</td>\n",
       "      <td>13569</td>\n",
       "      <td>936</td>\n",
       "    </tr>\n",
       "    <tr>\n",
       "      <th>广州</th>\n",
       "      <td>18103</td>\n",
       "      <td>18776</td>\n",
       "      <td>19197</td>\n",
       "      <td>19105</td>\n",
       "      <td>18934</td>\n",
       "      <td>831</td>\n",
       "    </tr>\n",
       "    <tr>\n",
       "      <th>杭州</th>\n",
       "      <td>19010</td>\n",
       "      <td>19317</td>\n",
       "      <td>19358</td>\n",
       "      <td>19700</td>\n",
       "      <td>19786</td>\n",
       "      <td>776</td>\n",
       "    </tr>\n",
       "    <tr>\n",
       "      <th>长沙</th>\n",
       "      <td>14240</td>\n",
       "      <td>13575</td>\n",
       "      <td>13810</td>\n",
       "      <td>14076</td>\n",
       "      <td>14743</td>\n",
       "      <td>503</td>\n",
       "    </tr>\n",
       "    <tr>\n",
       "      <th>昆明</th>\n",
       "      <td>9490</td>\n",
       "      <td>10186</td>\n",
       "      <td>9831</td>\n",
       "      <td>8647</td>\n",
       "      <td>9903</td>\n",
       "      <td>413</td>\n",
       "    </tr>\n",
       "    <tr>\n",
       "      <th>南京</th>\n",
       "      <td>17964</td>\n",
       "      <td>18864</td>\n",
       "      <td>18640</td>\n",
       "      <td>18953</td>\n",
       "      <td>18205</td>\n",
       "      <td>241</td>\n",
       "    </tr>\n",
       "    <tr>\n",
       "      <th>上海</th>\n",
       "      <td>23039</td>\n",
       "      <td>22571</td>\n",
       "      <td>23056</td>\n",
       "      <td>23540</td>\n",
       "      <td>23213</td>\n",
       "      <td>174</td>\n",
       "    </tr>\n",
       "    <tr>\n",
       "      <th>深圳</th>\n",
       "      <td>21701</td>\n",
       "      <td>22034</td>\n",
       "      <td>22376</td>\n",
       "      <td>22292</td>\n",
       "      <td>21826</td>\n",
       "      <td>125</td>\n",
       "    </tr>\n",
       "    <tr>\n",
       "      <th>北京</th>\n",
       "      <td>26304</td>\n",
       "      <td>26438</td>\n",
       "      <td>24570</td>\n",
       "      <td>25514</td>\n",
       "      <td>26104</td>\n",
       "      <td>-200</td>\n",
       "    </tr>\n",
       "    <tr>\n",
       "      <th>大连</th>\n",
       "      <td>13533</td>\n",
       "      <td>11048</td>\n",
       "      <td>10976</td>\n",
       "      <td>12598</td>\n",
       "      <td>13305</td>\n",
       "      <td>-228</td>\n",
       "    </tr>\n",
       "    <tr>\n",
       "      <th>福州</th>\n",
       "      <td>13041</td>\n",
       "      <td>12059</td>\n",
       "      <td>12559</td>\n",
       "      <td>13047</td>\n",
       "      <td>12724</td>\n",
       "      <td>-317</td>\n",
       "    </tr>\n",
       "    <tr>\n",
       "      <th>武汉</th>\n",
       "      <td>15393</td>\n",
       "      <td>15359</td>\n",
       "      <td>15373</td>\n",
       "      <td>15259</td>\n",
       "      <td>14988</td>\n",
       "      <td>-405</td>\n",
       "    </tr>\n",
       "    <tr>\n",
       "      <th>东莞</th>\n",
       "      <td>14441</td>\n",
       "      <td>13188</td>\n",
       "      <td>14058</td>\n",
       "      <td>14458</td>\n",
       "      <td>13944</td>\n",
       "      <td>-497</td>\n",
       "    </tr>\n",
       "    <tr>\n",
       "      <th>哈尔滨</th>\n",
       "      <td>9044</td>\n",
       "      <td>8570</td>\n",
       "      <td>8661</td>\n",
       "      <td>8767</td>\n",
       "      <td>8369</td>\n",
       "      <td>-675</td>\n",
       "    </tr>\n",
       "    <tr>\n",
       "      <th>西安</th>\n",
       "      <td>14885</td>\n",
       "      <td>14528</td>\n",
       "      <td>14063</td>\n",
       "      <td>14362</td>\n",
       "      <td>14053</td>\n",
       "      <td>-832</td>\n",
       "    </tr>\n",
       "    <tr>\n",
       "      <th>沈阳</th>\n",
       "      <td>10217</td>\n",
       "      <td>10175</td>\n",
       "      <td>10688</td>\n",
       "      <td>9684</td>\n",
       "      <td>9355</td>\n",
       "      <td>-862</td>\n",
       "    </tr>\n",
       "    <tr>\n",
       "      <th>成都</th>\n",
       "      <td>16411</td>\n",
       "      <td>16137</td>\n",
       "      <td>16437</td>\n",
       "      <td>15765</td>\n",
       "      <td>15410</td>\n",
       "      <td>-1001</td>\n",
       "    </tr>\n",
       "    <tr>\n",
       "      <th>青岛</th>\n",
       "      <td>11034</td>\n",
       "      <td>10614</td>\n",
       "      <td>10495</td>\n",
       "      <td>9604</td>\n",
       "      <td>9832</td>\n",
       "      <td>-1202</td>\n",
       "    </tr>\n",
       "    <tr>\n",
       "      <th>天津</th>\n",
       "      <td>14130</td>\n",
       "      <td>13985</td>\n",
       "      <td>13583</td>\n",
       "      <td>12485</td>\n",
       "      <td>12849</td>\n",
       "      <td>-1281</td>\n",
       "    </tr>\n",
       "    <tr>\n",
       "      <th>重庆</th>\n",
       "      <td>14490</td>\n",
       "      <td>12687</td>\n",
       "      <td>12246</td>\n",
       "      <td>12232</td>\n",
       "      <td>12560</td>\n",
       "      <td>-1930</td>\n",
       "    </tr>\n",
       "    <tr>\n",
       "      <th>长春</th>\n",
       "      <td>14591</td>\n",
       "      <td>12254</td>\n",
       "      <td>10876</td>\n",
       "      <td>10981</td>\n",
       "      <td>9581</td>\n",
       "      <td>-5010</td>\n",
       "    </tr>\n",
       "  </tbody>\n",
       "</table>\n",
       "</div>"
      ],
      "text/plain": [
       "      April    May   June   July  August  change\n",
       "city                                            \n",
       "郑州     8367   8372   9753  11874   11174    2807\n",
       "合肥    13209  13429  14144  14910   15203    1994\n",
       "宁波    15526  14596  17192  17498   16559    1033\n",
       "济南    12633  12579  12417  12965   13569     936\n",
       "广州    18103  18776  19197  19105   18934     831\n",
       "杭州    19010  19317  19358  19700   19786     776\n",
       "长沙    14240  13575  13810  14076   14743     503\n",
       "昆明     9490  10186   9831   8647    9903     413\n",
       "南京    17964  18864  18640  18953   18205     241\n",
       "上海    23039  22571  23056  23540   23213     174\n",
       "深圳    21701  22034  22376  22292   21826     125\n",
       "北京    26304  26438  24570  25514   26104    -200\n",
       "大连    13533  11048  10976  12598   13305    -228\n",
       "福州    13041  12059  12559  13047   12724    -317\n",
       "武汉    15393  15359  15373  15259   14988    -405\n",
       "东莞    14441  13188  14058  14458   13944    -497\n",
       "哈尔滨    9044   8570   8661   8767    8369    -675\n",
       "西安    14885  14528  14063  14362   14053    -832\n",
       "沈阳    10217  10175  10688   9684    9355    -862\n",
       "成都    16411  16137  16437  15765   15410   -1001\n",
       "青岛    11034  10614  10495   9604    9832   -1202\n",
       "天津    14130  13985  13583  12485   12849   -1281\n",
       "重庆    14490  12687  12246  12232   12560   -1930\n",
       "长春    14591  12254  10876  10981    9581   -5010"
      ]
     },
     "execution_count": 71,
     "metadata": {},
     "output_type": "execute_result"
    }
   ],
   "source": [
    "new_data.sort_values(by='change', ascending=False)"
   ]
  },
  {
   "cell_type": "code",
   "execution_count": null,
   "metadata": {},
   "outputs": [],
   "source": []
  }
 ],
 "metadata": {
  "kernelspec": {
   "display_name": "Python 3",
   "language": "python",
   "name": "python3"
  },
  "language_info": {
   "codemirror_mode": {
    "name": "ipython",
    "version": 3
   },
   "file_extension": ".py",
   "mimetype": "text/x-python",
   "name": "python",
   "nbconvert_exporter": "python",
   "pygments_lexer": "ipython3",
   "version": "3.7.1"
  }
 },
 "nbformat": 4,
 "nbformat_minor": 2
}
