{
 "cells": [
  {
   "cell_type": "code",
   "execution_count": 2,
   "metadata": {},
   "outputs": [],
   "source": [
    "import pandas as pd\n",
    "import sys\n",
    "sys.path.append('../py')\n",
    "import db\n",
    "import weighted\n",
    "import inspect\n",
    "import matplotlib.pyplot as plt\n",
    "plt.rcParams['font.sans-serif']=['SimHei'] #用来正常显示中文标签\n",
    "plt.rcParams['axes.unicode_minus']=False #用来正常显示负号\n",
    "%matplotlib inline\n",
    "from mpl_toolkits.basemap import Basemap\n",
    "import seaborn as sns\n",
    "import scipy.stats as stats\n",
    "import numpy as np\n",
    "import math"
   ]
  },
  {
   "cell_type": "code",
   "execution_count": 3,
   "metadata": {},
   "outputs": [],
   "source": [
    "cities = \"('北京','上海','深圳','杭州','广州','南京','成都','东莞','西安','武汉','天津','长沙','宁波','福州','大连','重庆','青岛','济南','合肥','长春','昆明','郑州','沈阳','哈尔滨')\""
   ]
  },
  {
   "cell_type": "code",
   "execution_count": 4,
   "metadata": {},
   "outputs": [],
   "source": [
    "conn=db.get_conn()\n",
    "data_4=pd.read_sql(sql=f\"select sum(monthly_salary * headcount)/sum(headcount) as April,max(city) as city from _201904 where monthly_salary>0 and monthly_salary<80000 and career='一般程序员' and pl_java=1 group by city,career\", con=conn)\n",
    "data_5=pd.read_sql(sql=f\"select sum(monthly_salary * headcount)/sum(headcount) as May,max(city) as city from _201905 where monthly_salary>0 and monthly_salary<80000 and city in {cities} and career='一般程序员' and pl_java=1 group by city\", con=conn)\n",
    "data_6=pd.read_sql(sql=f\"select sum(monthly_salary * headcount)/sum(headcount) as June,max(city) as city from _201906 where monthly_salary>0 and monthly_salary<80000 and city in {cities} and career='一般程序员' and pl_java=1 group by city\", con=conn)\n",
    "data_7=pd.read_sql(sql=f\"select sum(monthly_salary * headcount)/sum(headcount) as July,max(city) as city from _201907 where monthly_salary>0 and monthly_salary<80000 and city in {cities} and career='一般程序员' and pl_java=1 group by city\", con=conn)\n",
    "data_8=pd.read_sql(sql=f\"select sum(monthly_salary * headcount)/sum(headcount) as August,max(city) as city from _201908 where monthly_salary>0 and monthly_salary<80000 and city in {cities} and career='一般程序员' and pl_java=1 group by city\", con=conn)\n",
    "conn.close()"
   ]
  },
  {
   "cell_type": "code",
   "execution_count": 5,
   "metadata": {},
   "outputs": [],
   "source": [
    "translate_dict={}\n",
    "translate_dict['beijing']='北京'\n",
    "translate_dict['shanghai']='上海'\n",
    "translate_dict['shenzhen']='深圳'\n",
    "translate_dict['hangzhou']='杭州'\n",
    "translate_dict['guangzhou']='广州'\n",
    "translate_dict['nanjing']='南京'\n",
    "translate_dict['chengdu']='成都'\n",
    "translate_dict['dongguan']='东莞'\n",
    "translate_dict['xian']='西安'\n",
    "translate_dict['wuhan']='武汉'\n",
    "translate_dict['tianjin']='天津'\n",
    "translate_dict['changsha']='长沙'\n",
    "translate_dict['ningbo']='宁波'\n",
    "translate_dict['fuzhou']='福州'\n",
    "translate_dict['dalian']='大连'\n",
    "translate_dict['chongqing']='重庆'\n",
    "translate_dict['qingdao']='青岛'\n",
    "translate_dict['jinan']='济南'\n",
    "translate_dict['hefei']='合肥'\n",
    "translate_dict['changchun']='长春'\n",
    "translate_dict['kunming']='昆明'\n",
    "translate_dict['zhengzhou']='郑州'\n",
    "translate_dict['shenyang']='沈阳'\n",
    "translate_dict['harbin']='哈尔滨'"
   ]
  },
  {
   "cell_type": "code",
   "execution_count": 6,
   "metadata": {},
   "outputs": [],
   "source": [
    "data_4.city=data_4.city.map(translate_dict)"
   ]
  },
  {
   "cell_type": "code",
   "execution_count": 7,
   "metadata": {},
   "outputs": [],
   "source": [
    "data_4=data_4.set_index('city')\n",
    "data_5=data_5.set_index('city')\n",
    "data_6=data_6.set_index('city')\n",
    "data_7=data_7.set_index('city')\n",
    "data_8=data_8.set_index('city')"
   ]
  },
  {
   "cell_type": "code",
   "execution_count": 8,
   "metadata": {},
   "outputs": [],
   "source": [
    "new_data=data_4.join(data_5).join(data_6).join(data_7).join(data_8)"
   ]
  },
  {
   "cell_type": "code",
   "execution_count": 9,
   "metadata": {},
   "outputs": [],
   "source": [
    "new_data['change']=new_data.August-new_data.April"
   ]
  },
  {
   "cell_type": "code",
   "execution_count": 10,
   "metadata": {},
   "outputs": [
    {
     "data": {
      "text/html": [
       "<div>\n",
       "<style scoped>\n",
       "    .dataframe tbody tr th:only-of-type {\n",
       "        vertical-align: middle;\n",
       "    }\n",
       "\n",
       "    .dataframe tbody tr th {\n",
       "        vertical-align: top;\n",
       "    }\n",
       "\n",
       "    .dataframe thead th {\n",
       "        text-align: right;\n",
       "    }\n",
       "</style>\n",
       "<table border=\"1\" class=\"dataframe\">\n",
       "  <thead>\n",
       "    <tr style=\"text-align: right;\">\n",
       "      <th></th>\n",
       "      <th>April</th>\n",
       "      <th>May</th>\n",
       "      <th>June</th>\n",
       "      <th>July</th>\n",
       "      <th>August</th>\n",
       "      <th>change</th>\n",
       "    </tr>\n",
       "    <tr>\n",
       "      <th>city</th>\n",
       "      <th></th>\n",
       "      <th></th>\n",
       "      <th></th>\n",
       "      <th></th>\n",
       "      <th></th>\n",
       "      <th></th>\n",
       "    </tr>\n",
       "  </thead>\n",
       "  <tbody>\n",
       "    <tr>\n",
       "      <th>上海</th>\n",
       "      <td>15272</td>\n",
       "      <td>15419</td>\n",
       "      <td>15477</td>\n",
       "      <td>15697</td>\n",
       "      <td>15796</td>\n",
       "      <td>524</td>\n",
       "    </tr>\n",
       "    <tr>\n",
       "      <th>深圳</th>\n",
       "      <td>15237</td>\n",
       "      <td>15198</td>\n",
       "      <td>15488</td>\n",
       "      <td>15551</td>\n",
       "      <td>15773</td>\n",
       "      <td>536</td>\n",
       "    </tr>\n",
       "    <tr>\n",
       "      <th>北京</th>\n",
       "      <td>14662</td>\n",
       "      <td>14504</td>\n",
       "      <td>14947</td>\n",
       "      <td>14983</td>\n",
       "      <td>15076</td>\n",
       "      <td>414</td>\n",
       "    </tr>\n",
       "    <tr>\n",
       "      <th>杭州</th>\n",
       "      <td>14315</td>\n",
       "      <td>14315</td>\n",
       "      <td>14355</td>\n",
       "      <td>14661</td>\n",
       "      <td>14735</td>\n",
       "      <td>420</td>\n",
       "    </tr>\n",
       "    <tr>\n",
       "      <th>广州</th>\n",
       "      <td>12435</td>\n",
       "      <td>12530</td>\n",
       "      <td>12562</td>\n",
       "      <td>12697</td>\n",
       "      <td>12956</td>\n",
       "      <td>521</td>\n",
       "    </tr>\n",
       "    <tr>\n",
       "      <th>南京</th>\n",
       "      <td>11714</td>\n",
       "      <td>11750</td>\n",
       "      <td>12347</td>\n",
       "      <td>12484</td>\n",
       "      <td>12607</td>\n",
       "      <td>893</td>\n",
       "    </tr>\n",
       "    <tr>\n",
       "      <th>东莞</th>\n",
       "      <td>12485</td>\n",
       "      <td>11196</td>\n",
       "      <td>11634</td>\n",
       "      <td>11843</td>\n",
       "      <td>11744</td>\n",
       "      <td>-741</td>\n",
       "    </tr>\n",
       "    <tr>\n",
       "      <th>成都</th>\n",
       "      <td>11861</td>\n",
       "      <td>11293</td>\n",
       "      <td>11170</td>\n",
       "      <td>11239</td>\n",
       "      <td>11302</td>\n",
       "      <td>-559</td>\n",
       "    </tr>\n",
       "    <tr>\n",
       "      <th>武汉</th>\n",
       "      <td>10657</td>\n",
       "      <td>11342</td>\n",
       "      <td>10682</td>\n",
       "      <td>10910</td>\n",
       "      <td>10950</td>\n",
       "      <td>293</td>\n",
       "    </tr>\n",
       "    <tr>\n",
       "      <th>大连</th>\n",
       "      <td>10816</td>\n",
       "      <td>10478</td>\n",
       "      <td>10049</td>\n",
       "      <td>10179</td>\n",
       "      <td>10882</td>\n",
       "      <td>66</td>\n",
       "    </tr>\n",
       "    <tr>\n",
       "      <th>宁波</th>\n",
       "      <td>10833</td>\n",
       "      <td>10188</td>\n",
       "      <td>10024</td>\n",
       "      <td>10264</td>\n",
       "      <td>10550</td>\n",
       "      <td>-283</td>\n",
       "    </tr>\n",
       "    <tr>\n",
       "      <th>长沙</th>\n",
       "      <td>9970</td>\n",
       "      <td>9942</td>\n",
       "      <td>10078</td>\n",
       "      <td>10141</td>\n",
       "      <td>10377</td>\n",
       "      <td>407</td>\n",
       "    </tr>\n",
       "    <tr>\n",
       "      <th>西安</th>\n",
       "      <td>10767</td>\n",
       "      <td>10460</td>\n",
       "      <td>10456</td>\n",
       "      <td>10232</td>\n",
       "      <td>10330</td>\n",
       "      <td>-437</td>\n",
       "    </tr>\n",
       "    <tr>\n",
       "      <th>福州</th>\n",
       "      <td>10596</td>\n",
       "      <td>9602</td>\n",
       "      <td>9840</td>\n",
       "      <td>10008</td>\n",
       "      <td>10122</td>\n",
       "      <td>-474</td>\n",
       "    </tr>\n",
       "    <tr>\n",
       "      <th>天津</th>\n",
       "      <td>12176</td>\n",
       "      <td>10109</td>\n",
       "      <td>10217</td>\n",
       "      <td>10008</td>\n",
       "      <td>9937</td>\n",
       "      <td>-2239</td>\n",
       "    </tr>\n",
       "    <tr>\n",
       "      <th>重庆</th>\n",
       "      <td>10587</td>\n",
       "      <td>9763</td>\n",
       "      <td>9751</td>\n",
       "      <td>9788</td>\n",
       "      <td>9675</td>\n",
       "      <td>-912</td>\n",
       "    </tr>\n",
       "    <tr>\n",
       "      <th>合肥</th>\n",
       "      <td>8844</td>\n",
       "      <td>7919</td>\n",
       "      <td>8983</td>\n",
       "      <td>9328</td>\n",
       "      <td>9501</td>\n",
       "      <td>657</td>\n",
       "    </tr>\n",
       "    <tr>\n",
       "      <th>郑州</th>\n",
       "      <td>8695</td>\n",
       "      <td>8640</td>\n",
       "      <td>8714</td>\n",
       "      <td>8942</td>\n",
       "      <td>8973</td>\n",
       "      <td>278</td>\n",
       "    </tr>\n",
       "    <tr>\n",
       "      <th>昆明</th>\n",
       "      <td>9093</td>\n",
       "      <td>8617</td>\n",
       "      <td>8706</td>\n",
       "      <td>9042</td>\n",
       "      <td>8870</td>\n",
       "      <td>-223</td>\n",
       "    </tr>\n",
       "    <tr>\n",
       "      <th>济南</th>\n",
       "      <td>9703</td>\n",
       "      <td>11470</td>\n",
       "      <td>8751</td>\n",
       "      <td>8877</td>\n",
       "      <td>8633</td>\n",
       "      <td>-1070</td>\n",
       "    </tr>\n",
       "    <tr>\n",
       "      <th>青岛</th>\n",
       "      <td>10640</td>\n",
       "      <td>8525</td>\n",
       "      <td>8686</td>\n",
       "      <td>8566</td>\n",
       "      <td>8357</td>\n",
       "      <td>-2283</td>\n",
       "    </tr>\n",
       "    <tr>\n",
       "      <th>长春</th>\n",
       "      <td>9772</td>\n",
       "      <td>7689</td>\n",
       "      <td>7432</td>\n",
       "      <td>7400</td>\n",
       "      <td>7526</td>\n",
       "      <td>-2246</td>\n",
       "    </tr>\n",
       "    <tr>\n",
       "      <th>沈阳</th>\n",
       "      <td>8584</td>\n",
       "      <td>7190</td>\n",
       "      <td>6999</td>\n",
       "      <td>7384</td>\n",
       "      <td>7281</td>\n",
       "      <td>-1303</td>\n",
       "    </tr>\n",
       "    <tr>\n",
       "      <th>哈尔滨</th>\n",
       "      <td>10206</td>\n",
       "      <td>6792</td>\n",
       "      <td>6763</td>\n",
       "      <td>6870</td>\n",
       "      <td>6338</td>\n",
       "      <td>-3868</td>\n",
       "    </tr>\n",
       "  </tbody>\n",
       "</table>\n",
       "</div>"
      ],
      "text/plain": [
       "      April    May   June   July  August  change\n",
       "city                                            \n",
       "上海    15272  15419  15477  15697   15796     524\n",
       "深圳    15237  15198  15488  15551   15773     536\n",
       "北京    14662  14504  14947  14983   15076     414\n",
       "杭州    14315  14315  14355  14661   14735     420\n",
       "广州    12435  12530  12562  12697   12956     521\n",
       "南京    11714  11750  12347  12484   12607     893\n",
       "东莞    12485  11196  11634  11843   11744    -741\n",
       "成都    11861  11293  11170  11239   11302    -559\n",
       "武汉    10657  11342  10682  10910   10950     293\n",
       "大连    10816  10478  10049  10179   10882      66\n",
       "宁波    10833  10188  10024  10264   10550    -283\n",
       "长沙     9970   9942  10078  10141   10377     407\n",
       "西安    10767  10460  10456  10232   10330    -437\n",
       "福州    10596   9602   9840  10008   10122    -474\n",
       "天津    12176  10109  10217  10008    9937   -2239\n",
       "重庆    10587   9763   9751   9788    9675    -912\n",
       "合肥     8844   7919   8983   9328    9501     657\n",
       "郑州     8695   8640   8714   8942    8973     278\n",
       "昆明     9093   8617   8706   9042    8870    -223\n",
       "济南     9703  11470   8751   8877    8633   -1070\n",
       "青岛    10640   8525   8686   8566    8357   -2283\n",
       "长春     9772   7689   7432   7400    7526   -2246\n",
       "沈阳     8584   7190   6999   7384    7281   -1303\n",
       "哈尔滨   10206   6792   6763   6870    6338   -3868"
      ]
     },
     "execution_count": 10,
     "metadata": {},
     "output_type": "execute_result"
    }
   ],
   "source": [
    "new_data.sort_values(by='August', ascending=False)"
   ]
  },
  {
   "cell_type": "code",
   "execution_count": 11,
   "metadata": {},
   "outputs": [
    {
     "data": {
      "text/html": [
       "<div>\n",
       "<style scoped>\n",
       "    .dataframe tbody tr th:only-of-type {\n",
       "        vertical-align: middle;\n",
       "    }\n",
       "\n",
       "    .dataframe tbody tr th {\n",
       "        vertical-align: top;\n",
       "    }\n",
       "\n",
       "    .dataframe thead th {\n",
       "        text-align: right;\n",
       "    }\n",
       "</style>\n",
       "<table border=\"1\" class=\"dataframe\">\n",
       "  <thead>\n",
       "    <tr style=\"text-align: right;\">\n",
       "      <th></th>\n",
       "      <th>April</th>\n",
       "      <th>May</th>\n",
       "      <th>June</th>\n",
       "      <th>July</th>\n",
       "      <th>August</th>\n",
       "      <th>change</th>\n",
       "    </tr>\n",
       "    <tr>\n",
       "      <th>city</th>\n",
       "      <th></th>\n",
       "      <th></th>\n",
       "      <th></th>\n",
       "      <th></th>\n",
       "      <th></th>\n",
       "      <th></th>\n",
       "    </tr>\n",
       "  </thead>\n",
       "  <tbody>\n",
       "    <tr>\n",
       "      <th>南京</th>\n",
       "      <td>11714</td>\n",
       "      <td>11750</td>\n",
       "      <td>12347</td>\n",
       "      <td>12484</td>\n",
       "      <td>12607</td>\n",
       "      <td>893</td>\n",
       "    </tr>\n",
       "    <tr>\n",
       "      <th>合肥</th>\n",
       "      <td>8844</td>\n",
       "      <td>7919</td>\n",
       "      <td>8983</td>\n",
       "      <td>9328</td>\n",
       "      <td>9501</td>\n",
       "      <td>657</td>\n",
       "    </tr>\n",
       "    <tr>\n",
       "      <th>深圳</th>\n",
       "      <td>15237</td>\n",
       "      <td>15198</td>\n",
       "      <td>15488</td>\n",
       "      <td>15551</td>\n",
       "      <td>15773</td>\n",
       "      <td>536</td>\n",
       "    </tr>\n",
       "    <tr>\n",
       "      <th>上海</th>\n",
       "      <td>15272</td>\n",
       "      <td>15419</td>\n",
       "      <td>15477</td>\n",
       "      <td>15697</td>\n",
       "      <td>15796</td>\n",
       "      <td>524</td>\n",
       "    </tr>\n",
       "    <tr>\n",
       "      <th>广州</th>\n",
       "      <td>12435</td>\n",
       "      <td>12530</td>\n",
       "      <td>12562</td>\n",
       "      <td>12697</td>\n",
       "      <td>12956</td>\n",
       "      <td>521</td>\n",
       "    </tr>\n",
       "    <tr>\n",
       "      <th>杭州</th>\n",
       "      <td>14315</td>\n",
       "      <td>14315</td>\n",
       "      <td>14355</td>\n",
       "      <td>14661</td>\n",
       "      <td>14735</td>\n",
       "      <td>420</td>\n",
       "    </tr>\n",
       "    <tr>\n",
       "      <th>北京</th>\n",
       "      <td>14662</td>\n",
       "      <td>14504</td>\n",
       "      <td>14947</td>\n",
       "      <td>14983</td>\n",
       "      <td>15076</td>\n",
       "      <td>414</td>\n",
       "    </tr>\n",
       "    <tr>\n",
       "      <th>长沙</th>\n",
       "      <td>9970</td>\n",
       "      <td>9942</td>\n",
       "      <td>10078</td>\n",
       "      <td>10141</td>\n",
       "      <td>10377</td>\n",
       "      <td>407</td>\n",
       "    </tr>\n",
       "    <tr>\n",
       "      <th>武汉</th>\n",
       "      <td>10657</td>\n",
       "      <td>11342</td>\n",
       "      <td>10682</td>\n",
       "      <td>10910</td>\n",
       "      <td>10950</td>\n",
       "      <td>293</td>\n",
       "    </tr>\n",
       "    <tr>\n",
       "      <th>郑州</th>\n",
       "      <td>8695</td>\n",
       "      <td>8640</td>\n",
       "      <td>8714</td>\n",
       "      <td>8942</td>\n",
       "      <td>8973</td>\n",
       "      <td>278</td>\n",
       "    </tr>\n",
       "    <tr>\n",
       "      <th>大连</th>\n",
       "      <td>10816</td>\n",
       "      <td>10478</td>\n",
       "      <td>10049</td>\n",
       "      <td>10179</td>\n",
       "      <td>10882</td>\n",
       "      <td>66</td>\n",
       "    </tr>\n",
       "    <tr>\n",
       "      <th>昆明</th>\n",
       "      <td>9093</td>\n",
       "      <td>8617</td>\n",
       "      <td>8706</td>\n",
       "      <td>9042</td>\n",
       "      <td>8870</td>\n",
       "      <td>-223</td>\n",
       "    </tr>\n",
       "    <tr>\n",
       "      <th>宁波</th>\n",
       "      <td>10833</td>\n",
       "      <td>10188</td>\n",
       "      <td>10024</td>\n",
       "      <td>10264</td>\n",
       "      <td>10550</td>\n",
       "      <td>-283</td>\n",
       "    </tr>\n",
       "    <tr>\n",
       "      <th>西安</th>\n",
       "      <td>10767</td>\n",
       "      <td>10460</td>\n",
       "      <td>10456</td>\n",
       "      <td>10232</td>\n",
       "      <td>10330</td>\n",
       "      <td>-437</td>\n",
       "    </tr>\n",
       "    <tr>\n",
       "      <th>福州</th>\n",
       "      <td>10596</td>\n",
       "      <td>9602</td>\n",
       "      <td>9840</td>\n",
       "      <td>10008</td>\n",
       "      <td>10122</td>\n",
       "      <td>-474</td>\n",
       "    </tr>\n",
       "    <tr>\n",
       "      <th>成都</th>\n",
       "      <td>11861</td>\n",
       "      <td>11293</td>\n",
       "      <td>11170</td>\n",
       "      <td>11239</td>\n",
       "      <td>11302</td>\n",
       "      <td>-559</td>\n",
       "    </tr>\n",
       "    <tr>\n",
       "      <th>东莞</th>\n",
       "      <td>12485</td>\n",
       "      <td>11196</td>\n",
       "      <td>11634</td>\n",
       "      <td>11843</td>\n",
       "      <td>11744</td>\n",
       "      <td>-741</td>\n",
       "    </tr>\n",
       "    <tr>\n",
       "      <th>重庆</th>\n",
       "      <td>10587</td>\n",
       "      <td>9763</td>\n",
       "      <td>9751</td>\n",
       "      <td>9788</td>\n",
       "      <td>9675</td>\n",
       "      <td>-912</td>\n",
       "    </tr>\n",
       "    <tr>\n",
       "      <th>济南</th>\n",
       "      <td>9703</td>\n",
       "      <td>11470</td>\n",
       "      <td>8751</td>\n",
       "      <td>8877</td>\n",
       "      <td>8633</td>\n",
       "      <td>-1070</td>\n",
       "    </tr>\n",
       "    <tr>\n",
       "      <th>沈阳</th>\n",
       "      <td>8584</td>\n",
       "      <td>7190</td>\n",
       "      <td>6999</td>\n",
       "      <td>7384</td>\n",
       "      <td>7281</td>\n",
       "      <td>-1303</td>\n",
       "    </tr>\n",
       "    <tr>\n",
       "      <th>天津</th>\n",
       "      <td>12176</td>\n",
       "      <td>10109</td>\n",
       "      <td>10217</td>\n",
       "      <td>10008</td>\n",
       "      <td>9937</td>\n",
       "      <td>-2239</td>\n",
       "    </tr>\n",
       "    <tr>\n",
       "      <th>长春</th>\n",
       "      <td>9772</td>\n",
       "      <td>7689</td>\n",
       "      <td>7432</td>\n",
       "      <td>7400</td>\n",
       "      <td>7526</td>\n",
       "      <td>-2246</td>\n",
       "    </tr>\n",
       "    <tr>\n",
       "      <th>青岛</th>\n",
       "      <td>10640</td>\n",
       "      <td>8525</td>\n",
       "      <td>8686</td>\n",
       "      <td>8566</td>\n",
       "      <td>8357</td>\n",
       "      <td>-2283</td>\n",
       "    </tr>\n",
       "    <tr>\n",
       "      <th>哈尔滨</th>\n",
       "      <td>10206</td>\n",
       "      <td>6792</td>\n",
       "      <td>6763</td>\n",
       "      <td>6870</td>\n",
       "      <td>6338</td>\n",
       "      <td>-3868</td>\n",
       "    </tr>\n",
       "  </tbody>\n",
       "</table>\n",
       "</div>"
      ],
      "text/plain": [
       "      April    May   June   July  August  change\n",
       "city                                            \n",
       "南京    11714  11750  12347  12484   12607     893\n",
       "合肥     8844   7919   8983   9328    9501     657\n",
       "深圳    15237  15198  15488  15551   15773     536\n",
       "上海    15272  15419  15477  15697   15796     524\n",
       "广州    12435  12530  12562  12697   12956     521\n",
       "杭州    14315  14315  14355  14661   14735     420\n",
       "北京    14662  14504  14947  14983   15076     414\n",
       "长沙     9970   9942  10078  10141   10377     407\n",
       "武汉    10657  11342  10682  10910   10950     293\n",
       "郑州     8695   8640   8714   8942    8973     278\n",
       "大连    10816  10478  10049  10179   10882      66\n",
       "昆明     9093   8617   8706   9042    8870    -223\n",
       "宁波    10833  10188  10024  10264   10550    -283\n",
       "西安    10767  10460  10456  10232   10330    -437\n",
       "福州    10596   9602   9840  10008   10122    -474\n",
       "成都    11861  11293  11170  11239   11302    -559\n",
       "东莞    12485  11196  11634  11843   11744    -741\n",
       "重庆    10587   9763   9751   9788    9675    -912\n",
       "济南     9703  11470   8751   8877    8633   -1070\n",
       "沈阳     8584   7190   6999   7384    7281   -1303\n",
       "天津    12176  10109  10217  10008    9937   -2239\n",
       "长春     9772   7689   7432   7400    7526   -2246\n",
       "青岛    10640   8525   8686   8566    8357   -2283\n",
       "哈尔滨   10206   6792   6763   6870    6338   -3868"
      ]
     },
     "execution_count": 11,
     "metadata": {},
     "output_type": "execute_result"
    }
   ],
   "source": [
    "new_data.sort_values(by='change', ascending=False)"
   ]
  },
  {
   "cell_type": "code",
   "execution_count": null,
   "metadata": {},
   "outputs": [],
   "source": []
  }
 ],
 "metadata": {
  "kernelspec": {
   "display_name": "Python 3",
   "language": "python",
   "name": "python3"
  },
  "language_info": {
   "codemirror_mode": {
    "name": "ipython",
    "version": 3
   },
   "file_extension": ".py",
   "mimetype": "text/x-python",
   "name": "python",
   "nbconvert_exporter": "python",
   "pygments_lexer": "ipython3",
   "version": "3.7.1"
  }
 },
 "nbformat": 4,
 "nbformat_minor": 2
}
